image_1028.jpeg 121 125 64 111 48
image_1029.jpeg 113 17 108 109 124
image_1.jpg 106 116 114 127 45
image_10.jpg 127 115 114 45 116
image_1000.jpeg 58 3 2 4 64
image_1002.jpeg 99 111 50 1 41
image_1004.jpg 122 58 29 124 47
image_1005.jpg 115 127 114 116 122
image_1007.jpg 121 64 43 125 111
image_1009.jpg 115 127 114 102 4
image_101.jpeg 119 8 123 1 121
image_1010.jpeg 126 123 119 127 120
image_1011.jpg 109 108 119 113 19
image_1012.jpg 127 115 116 114 45
image_1013.jpeg 120 92 83 36 21
image_1017.jpeg 2 3 0 58 76
image_1019.jpg 122 47 115 102 120
image_102.jpg 58 4 2 0 3
image_1022.jpg 122 47 14 124 102
image_1023.jpg 83 120 29 49 92
image_1025.jpeg 89 119 98 123 126
image_1261.jpeg 1 128 123 113 127
image_1262.jpeg 58 4 3 118 2
image_1263.jpg 118 58 4 18 127
image_1264.jpg 8 108 119 121 2
image_1270.jpg 69 104 121 128 48
image_1271.jpeg 125 121 15 42 112
image_1275.jpg 122 47 102 115 39
image_1279.jpeg 119 123 113 0 129
image_1281.jpeg 127 115 114 116 45
image_1282.jpeg 121 48 125 128 1
image_1283.jpeg 3 58 2 108 125
image_1286.jpeg 58 4 118 3 2
image_1288.jpeg 125 121 124 112 118
image_1289.jpeg 92 49 127 45 114
image_1290.jpeg 126 123 119 127 120
image_1291.jpg 115 127 102 122 114
image_1292.jpg 112 127 110 14 122
image_1293.jpeg 92 122 39 29 120
image_1295.jpeg 3 2 58 118 0
image_1296.jpeg 76 109 108 101 42
image_1298.jpeg 99 111 50 112 113
image_1301.jpeg 115 127 114 116 45
image_1304.jpeg 1 119 123 128 124
image_1306.jpg 4 58 124 66 113
image_1307.jpeg 126 123 119 1 33
image_131.jpg 122 102 47 124 115
image_1310.jpeg 120 83 92 122 16
image_1314.jpeg 127 115 114 116 122
image_1318.jpeg 3 58 2 118 4
image_132.jpg 127 116 114 115 45
image_1323.jpeg 58 4 124 3 118
image_1329.jpg 58 3 2 4 118
image_133.jpg 125 112 24 121 27
image_1330.jpeg 58 4 118 3 124
image_1332.jpeg 58 4 3 118 2
image_1333.jpg 106 79 116 45 114
image_1335.jpeg 4 58 115 124 129
image_1339.jpeg 127 45 49 114 116
image_134.jpeg 118 58 18 1 127
image_1341.jpg 113 17 2 0 119
image_15.jpg 129 108 109 4 76
image_1343.jpg 37 107 87 69 2
image_1347.jpeg 108 109 101 113 76
image_1349.jpeg 128 1 124 43 122
image_1351.jpeg 113 17 109 2 108
image_1353.jpg 102 122 47 115 127
image_1356.jpeg 127 114 115 116 45
image_1358.jpeg 108 101 76 109 3
image_1359.jpg 127 115 114 116 45
image_136.jpg 3 2 58 109 76
image_1360.jpeg 128 1 124 118 122
image_1363.jpeg 111 50 65 99 41
image_1364.jpeg 111 50 99 65 2
image_1366.jpg 109 76 108 101 4
image_1367.jpg 118 58 3 2 18
image_137.jpg 125 121 22 64 24
image_1370.jpeg 89 34 98 51 67
image_1372.jpg 1 128 123 51 36
image_1374.jpeg 0 2 128 119 64
image_1378.jpg 113 17 109 108 129
image_1383.jpeg 129 108 58 124 4
image_1386.jpeg 108 129 113 124 17
image_1387.jpeg 3 58 2 4 109
image_1391.jpg 87 37 107 56 33
image_1394.jpeg 108 101 109 76 3
image_1399.jpg 36 16 19 83 120
image_14.jpeg 111 99 50 112 65
image_1401.jpg 42 62 101 108 76
image_1404.jpeg 127 114 115 116 122
image_1405.jpeg 121 119 125 128 123
image_1407.jpeg 110 41 112 99 53
image_141.jpeg 4 129 124 123 58
image_1412.jpg 122 102 47 120 115
image_1413.jpg 76 109 108 101 113
image_1416.jpg 0 2 56 3 118
image_1417.jpg 102 115 122 47 127
image_142.jpg 113 17 108 0 2
image_1421.jpeg 122 102 47 120 115
image_1424.jpeg 47 122 124 14 102
image_1425.jpeg 89 98 34 126 50
image_143.jpeg 58 4 3 108 118
image_1430.jpeg 58 4 118 3 2
image_1432.jpg 127 14 114 115 116
image_1433.jpeg 128 1 124 123 119
image_1435.jpeg 125 121 48 119 113
image_1439.jpg 128 1 124 119 123
image_144.jpg 111 50 65 99 121
image_1440.jpeg 98 89 8 126 34
image_1442.jpeg 98 89 34 59 91
image_1443.jpg 37 87 107 2 76
image_1444.jpg 106 45 93 92 116
image_1445.jpg 121 111 59 50 94
image_1446.jpg 111 50 99 65 43
image_1449.jpeg 111 50 65 99 43
image_145.jpeg 127 115 114 116 45
image_1453.jpg 2 128 118 58 127
image_1454.jpg 127 114 115 116 45
image_1455.jpeg 2 3 58 0 113
image_1456.jpeg 129 124 108 113 17
image_146.jpeg 124 129 122 47 4
image_1460.jpeg 118 4 58 124 47
image_1461.jpg 33 126 69 92 51
image_1463.jpg 128 1 124 122 2
image_1464.jpeg 113 17 109 0 108
image_18.jpg 109 76 108 101 42
image_1465.jpeg 119 87 37 123 0
image_1467.jpg 119 56 123 8 0
image_1469.jpeg 120 83 122 47 102
image_147.jpeg 123 126 119 120 124
image_1471.jpg 116 115 127 114 45
image_1472.jpg 127 115 114 116 45
image_1473.jpeg 2 3 118 58 0
image_1474.jpeg 51 1 104 118 99
image_1476.jpeg 119 123 0 2 1
image_1479.jpeg 128 1 121 37 87
image_1481.jpg 111 50 99 65 113
image_1482.jpeg 120 83 122 47 102
image_1489.jpg 118 58 4 3 18
image_1493.jpeg 2 0 3 113 108
image_1499.jpg 120 83 122 102 47
image_1502.jpg 115 127 102 114 122
image_1503.jpg 87 37 107 128 119
image_1504.jpg 69 48 104 42 18
image_1508.jpeg 129 124 113 43 17
image_1510.jpeg 127 115 116 114 45
image_1511.jpeg 128 1 124 122 123
image_1513.jpeg 2 3 0 58 108
image_1515.jpeg 58 4 118 3 2
image_1517.jpeg 45 127 116 114 115
image_1519.jpeg 94 121 41 48 35
image_1520.jpeg 2 3 0 58 76
image_1521.jpg 1 128 124 123 113
image_1524.jpeg 37 107 87 2 3
image_1525.jpeg 58 2 3 0 29
image_1526.jpg 0 113 119 17 56
image_1527.jpg 119 0 113 123 19
image_1528.jpeg 110 112 41 15 53
image_1529.jpg 69 18 104 62 42
image_1530.jpeg 0 119 113 2 17
image_1531.jpg 37 107 87 2 119
image_1532.jpg 45 116 127 115 114
image_1533.jpeg 119 123 126 113 17
image_1535.jpeg 117 45 106 63 116
image_1536.jpg 121 104 125 18 69
image_1538.jpeg 128 1 2 123 119
image_154.jpeg 126 123 119 33 120
image_1540.jpg 76 109 108 101 113
image_1542.jpeg 113 17 0 108 1
image_1544.jpg 122 47 14 102 124
image_1549.jpeg 127 115 114 116 122
image_1551.jpeg 99 111 50 62 42
image_1553.jpg 126 123 119 33 127
image_1556.jpg 123 119 124 129 126
image_1558.jpg 1 128 124 113 122
image_1559.jpeg 119 123 1 128 126
image_1560.jpeg 58 4 115 118 3
image_1562.jpg 123 119 126 120 91
image_1564.jpeg 110 112 53 25 43
image_1567.jpeg 118 124 4 125 129
image_157.jpeg 125 121 119 112 124
image_1575.jpg 119 113 129 111 123
image_1576.jpeg 118 18 58 3 2
image_1577.jpg 8 118 58 75 2
image_1579.jpg 115 127 114 122 102
image_1580.jpg 69 33 126 70 121
image_1581.jpg 123 119 124 4 122
image_1584.jpg 123 119 2 0 1
image_1586.jpeg 122 47 127 120 102
image_1587.jpg 121 125 48 111 119
image_159.jpg 45 120 83 98 17
image_1591.jpg 115 127 114 102 122
image_1593.jpeg 87 37 107 21 8
image_1595.jpeg 98 126 89 123 91
image_1596.jpeg 87 37 48 107 119
image_1598.jpg 126 123 119 120 83
image_1599.jpeg 89 98 34 51 126
image_160.jpeg 124 122 129 47 4
image_1600.jpeg 3 2 118 58 109
image_1601.jpeg 2 3 0 113 58
image_1603.jpeg 113 17 109 108 111
image_1604.jpeg 113 17 108 109 2
image_1607.jpeg 121 125 48 111 64
image_1608.jpeg 0 2 56 119 118
image_1609.jpeg 87 37 107 33 69
image_161.jpeg 119 123 126 0 113
image_1610.jpg 121 125 119 48 56
image_1612.jpeg 1 128 51 123 104
image_1613.jpeg 4 109 129 76 118
image_1614.jpg 108 109 101 76 3
image_1616.jpg 4 58 124 129 118
image_1619.jpeg 4 58 124 129 123
image_1621.jpg 0 113 119 17 56
image_1622.jpeg 120 102 122 83 47
image_1626.jpeg 124 129 125 4 113
image_1627.jpeg 115 127 114 122 45
image_1628.jpeg 122 47 102 120 39
image_1630.jpg 119 0 128 123 121
image_1632.jpg 45 116 93 106 49
image_1635.jpeg 92 21 49 29 36
image_1638.jpeg 125 121 112 24 118
image_1639.jpg 108 119 110 113 2
image_164.jpg 126 123 33 119 98
image_1641.jpeg 109 76 108 101 113
image_1642.jpg 29 36 16 67 93
image_1643.jpg 123 119 126 128 124
image_1645.jpeg 111 50 65 121 113
image_1646.jpeg 115 127 114 116 45
image_1647.jpeg 126 123 33 119 2
image_1648.jpeg 126 123 33 119 83
image_165.jpg 113 119 17 0 123
image_1650.jpeg 125 112 121 24 119
image_1651.jpeg 89 98 34 67 68
image_1652.jpg 0 119 56 113 2
image_1655.jpeg 121 125 48 119 124
image_166.jpg 8 2 0 4 87
image_1661.jpg 121 125 48 22 69
image_1663.jpg 98 41 111 89 50
image_1664.jpeg 37 107 87 2 119
image_1668.jpeg 89 98 34 126 51
image_1670.jpg 128 1 124 122 123
image_1671.jpeg 2 3 58 0 118
image_1673.jpg 112 24 125 127 110
image_1674.jpeg 4 58 124 115 129
image_1675.jpg 8 75 2 37 0
image_1676.jpg 37 87 27 107 69
image_1677.jpeg 124 4 129 119 58
image_1679.jpeg 92 36 120 21 29
image_168.jpg 113 48 119 123 1
image_1680.jpeg 58 118 3 4 2
image_1686.jpg 121 125 48 22 104
image_1689.jpeg 109 129 76 108 4
image_1690.jpg 127 115 114 45 116
image_1692.jpg 113 17 0 125 124
image_1694.jpeg 87 37 107 59 2
image_1696.jpeg 124 122 129 113 47
image_1697.jpg 120 122 83 102 47
image_1699.jpg 108 109 129 76 113
image_170.jpg 112 24 125 127 116
image_1705.jpeg 4 119 123 124 129
image_1707.jpeg 37 107 87 2 3
image_1710.jpg 125 121 124 113 48
image_1715.jpg 115 127 114 116 45
image_1718.jpeg 109 76 108 101 3
image_172.jpeg 113 17 109 124 4
image_1720.jpg 0 2 119 113 58
image_1721.jpeg 124 122 4 118 47
image_1723.jpeg 0 2 56 119 107
image_1724.jpeg 122 47 102 124 115
image_1725.jpeg 92 120 83 14 122
image_1728.jpg 33 126 69 123 21
image_1729.jpeg 92 93 122 49 106
image_173.jpeg 108 109 129 4 76
image_1730.jpg 58 4 118 124 3
image_1732.jpg 128 1 123 124 119
image_1734.jpeg 33 126 69 34 92
image_1736.jpeg 58 4 3 118 2
image_1737.jpeg 124 129 4 113 122
image_1738.jpeg 110 112 41 43 53
image_1739.jpg 47 122 102 14 120
image_174.jpeg 128 1 123 124 119
image_1740.jpeg 92 45 49 29 39
image_1741.jpg 115 127 116 114 45
image_1742.jpg 99 111 50 112 1
image_1744.jpeg 123 119 126 1 124
image_1746.jpeg 121 125 48 111 1
image_1747.jpeg 113 17 0 119 2
image_175.jpeg 98 126 89 51 119
image_1750.jpg 0 56 2 119 118
image_1758.jpeg 2 3 0 58 113
image_1759.jpeg 58 118 4 3 2
image_176.jpeg 4 124 58 129 115
image_1760.jpg 127 115 114 116 122
image_1762.jpeg 122 47 39 102 14
image_1765.jpg 120 83 122 16 36
image_1767.jpg 1 128 104 51 118
image_177.jpeg 123 119 128 1 124
image_1771.jpg 129 109 108 76 17
image_1772.jpg 2 3 0 113 58
image_1776.jpeg 69 33 70 121 126
image_1779.jpeg 127 114 115 116 45
image_178.jpg 121 125 1 128 111
image_1786.jpg 121 119 48 128 125
image_1789.jpg 122 102 29 120 47
image_1791.jpg 113 17 0 119 2
image_1794.jpeg 104 51 59 1 121
image_1795.jpeg 119 43 128 113 124
image_1796.jpeg 4 124 58 118 129
image_1797.jpeg 123 119 1 126 120
image_1798.jpeg 118 47 16 122 124
image_1799.jpeg 112 127 114 53 115
image_1805.jpg 119 126 123 69 37
image_1806.jpeg 16 83 36 122 120
image_1807.jpg 125 121 48 64 22
image_1818.jpg 29 122 102 47 120
image_1820.jpg 45 114 116 106 127
image_1821.jpg 110 53 112 15 14
image_1825.jpg 127 115 114 116 122
image_1827.jpg 87 37 107 33 2
image_1828.jpeg 36 91 4 114 16
image_1829.jpeg 127 115 114 45 116
image_183.jpg 109 76 108 113 4
image_1831.jpg 121 125 48 22 8
image_1833.jpg 109 76 113 4 17
image_1836.jpg 99 43 111 50 95
image_1839.jpg 99 111 50 43 95
image_1842.jpg 115 116 45 114 127
image_1843.jpeg 37 87 107 75 2
image_1844.jpg 42 101 108 109 76
image_185.jpeg 109 76 4 108 101
image_1850.jpeg 121 104 48 125 51
image_1851.jpeg 108 101 109 76 42
image_1852.jpeg 99 111 50 112 41
image_1854.jpg 127 115 114 122 116
image_1856.jpeg 108 110 129 101 76
image_1857.jpg 122 91 102 47 115
image_1858.jpeg 4 58 124 129 113
image_1859.jpg 120 83 36 16 122
image_186.jpeg 123 119 126 36 120
image_1860.jpeg 123 119 128 1 124
image_1862.jpg 111 99 50 112 113
image_1864.jpeg 126 123 119 98 120
image_1866.jpg 104 69 8 59 18
image_1868.jpg 0 56 119 2 37
image_1869.jpeg 129 124 122 4 113
image_187.jpeg 2 3 0 58 118
image_1870.jpeg 3 2 58 118 108
image_1871.jpg 37 107 17 113 87
image_1872.jpg 124 122 47 128 129
image_1874.jpeg 125 121 118 18 64
image_1878.jpeg 83 122 120 47 16
image_1879.jpeg 33 69 126 104 92
image_1881.jpeg 4 58 124 129 29
image_1882.jpg 2 3 113 58 0
image_1885.jpeg 128 1 119 124 123
image_1887.jpg 111 50 99 65 112
image_1892.jpg 116 114 127 115 45
image_1893.jpeg 2 0 58 3 29
image_1894.jpg 127 115 114 116 122
image_1895.jpeg 92 120 83 49 126
image_1898.jpeg 59 104 51 82 89
image_1899.jpeg 106 115 116 114 127
image_19.jpg 47 14 122 106 42
image_1900.jpeg 128 1 124 123 2
image_1902.jpg 113 17 108 124 109
image_1904.jpg 111 50 65 99 43
image_1906.jpeg 89 98 34 119 2
image_1907.jpg 37 107 87 2 33
image_1909.jpg 108 113 119 17 129
image_1910.jpg 109 76 108 3 101
image_1911.jpg 126 123 119 33 92
image_1912.jpeg 123 119 1 128 124
image_1919.jpg 110 112 53 15 14
image_1921.jpeg 4 124 129 123 122
image_1925.jpeg 91 2 51 126 45
image_1927.jpg 37 107 2 0 119
image_1928.jpeg 115 45 116 127 114
image_1930.jpg 115 127 114 116 102
image_1932.jpg 108 3 109 76 2
image_1934.jpeg 58 4 66 118 124
image_1936.jpeg 122 102 47 115 127
image_1937.jpg 29 36 120 102 122
image_1938.jpeg 113 17 2 109 108
image_1939.jpeg 69 33 70 104 27
image_194.jpg 69 33 37 48 121
image_1942.jpeg 76 109 108 101 2
image_1943.jpg 4 113 124 58 0
image_1945.jpeg 4 113 123 58 124
image_1948.jpeg 118 58 4 3 18
image_1949.jpg 99 111 50 95 43
image_1951.jpeg 2 3 58 0 108
image_1959.jpeg 58 3 2 4 118
image_196.jpg 108 101 76 109 2
image_1961.jpeg 89 34 67 59 68
image_1966.jpeg 91 123 119 19 120
image_1967.jpeg 128 1 122 124 123
image_1971.jpg 121 125 122 124 119
image_1972.jpg 127 115 116 114 45
image_1973.jpeg 4 58 124 109 29
image_1981.jpg 123 119 124 128 129
image_1983.jpeg 128 1 124 122 123
image_1984.jpeg 87 37 107 2 75
image_1985.jpeg 37 107 87 2 76
image_1987.jpeg 106 45 116 93 79
image_1988.jpg 122 120 29 92 102
image_199.jpeg 58 3 118 4 2
image_1990.jpg 126 123 119 120 33
image_1991.jpeg 123 126 119 1 120
image_1993.jpeg 58 4 3 118 2
image_1996.jpeg 125 24 112 121 118
image_1998.jpg 113 17 0 3 4
image_1999.jpeg 58 118 3 2 4
image_2.jpeg 119 121 0 56 125
image_20.jpeg 115 127 116 114 45
image_200.jpeg 4 58 118 3 124
image_2001.jpg 127 115 114 116 45
image_2003.jpeg 118 58 0 18 127
image_2004.jpg 126 123 33 119 1
image_2005.jpeg 36 16 83 113 29
image_2007.jpeg 76 109 108 2 3
image_2008.jpeg 33 69 126 87 37
image_2009.jpg 122 47 124 102 115
image_201.jpg 114 127 57 116 115
image_2011.jpg 125 112 121 124 113
image_2012.jpg 109 76 108 101 113
image_2013.jpeg 128 122 1 102 29
image_2015.jpg 120 122 83 127 115
image_2016.jpg 125 121 113 118 124
image_2017.jpg 127 114 45 116 115
image_2018.jpeg 89 1 51 29 92
image_202.jpg 104 51 1 59 118
image_2022.jpeg 124 129 4 47 122
image_2023.jpg 124 4 129 123 122
image_2024.jpeg 113 17 111 43 99
image_2025.jpeg 124 129 122 4 123
image_2027.jpeg 119 2 0 125 56
image_2029.jpeg 120 39 83 122 102
image_203.jpg 92 29 49 60 93
image_2031.jpeg 119 0 123 128 56
image_2032.jpg 92 122 14 47 39
image_2034.jpg 37 107 87 2 17
image_2037.jpg 127 57 116 24 114
image_2039.jpeg 124 47 122 129 4
image_204.jpeg 108 101 109 76 3
image_2040.jpg 92 91 114 122 115
image_2043.jpeg 112 111 110 99 122
image_2044.jpg 125 121 124 64 58
image_2046.jpg 89 34 121 51 119
image_2049.jpg 102 122 47 29 120
image_205.jpeg 1 51 104 128 99
image_2051.jpeg 128 1 122 124 123
image_2053.jpg 113 108 3 17 2
image_2054.jpg 113 17 0 2 119
image_2056.jpeg 122 120 83 47 102
image_2058.jpeg 122 127 115 102 47
image_2062.jpeg 89 98 34 104 94
image_2063.jpeg 127 115 114 116 122
image_2064.jpg 45 116 106 93 114
image_2065.jpeg 4 118 124 58 122
image_2066.jpeg 3 2 58 108 0
image_2069.jpeg 92 45 127 116 114
image_2072.jpg 112 125 24 53 110
image_2073.jpeg 125 121 119 112 124
image_2074.jpeg 3 2 58 118 108
image_2078.jpeg 127 115 114 116 122
image_208.jpeg 113 17 119 2 111
image_2080.jpg 106 79 14 93 117
image_2083.jpeg 127 115 114 116 45
image_2084.jpg 108 101 109 113 76
image_2086.jpg 2 87 107 37 128
image_2089.jpeg 92 122 39 47 14
image_2091.jpeg 92 49 21 83 93
image_2094.jpg 123 119 4 124 129
image_2097.jpg 125 64 43 118 121
image_2098.jpg 125 121 58 118 124
image_2099.jpg 45 93 49 116 106
image_21.jpg 69 33 42 62 70
image_2100.jpeg 112 125 92 110 53
image_2104.jpeg 121 125 50 111 48
image_2105.jpeg 119 123 126 0 2
image_2106.jpg 108 101 3 76 109
image_2109.jpeg 128 1 124 118 2
image_211.jpg 42 101 108 76 109
image_2110.jpeg 119 0 123 2 113
image_2111.jpeg 89 98 34 119 126
image_2112.jpg 1 128 51 123 124
image_2113.jpeg 119 125 121 122 92
image_2115.jpeg 3 2 58 118 0
image_2117.jpg 113 17 2 0 3
image_2121.jpg 102 122 47 115 29
image_2122.jpg 118 58 3 18 2
image_2125.jpg 87 37 107 128 119
image_2127.jpg 127 115 114 116 45
image_213.jpeg 3 2 58 118 76
image_2131.jpg 124 129 113 125 119
image_2133.jpeg 123 126 119 98 91
image_2134.jpeg 122 47 102 125 115
image_2136.jpg 41 110 50 99 111
image_2137.jpeg 8 121 75 0 37
image_2138.jpg 127 115 114 116 122
image_2139.jpg 128 1 124 122 123
image_2140.jpeg 119 113 123 0 17
image_2142.jpeg 58 4 3 118 2
image_2144.jpeg 129 122 4 124 47
image_2146.jpeg 123 119 4 124 58
image_2148.jpg 123 126 119 120 17
image_215.jpg 3 2 58 118 4
image_2150.jpeg 58 4 108 2 3
image_2155.jpg 1 104 51 128 118
image_2157.jpeg 102 122 120 47 115
image_2159.jpeg 127 115 122 114 102
image_216.jpeg 3 2 58 113 108
image_2162.jpg 128 1 124 122 118
image_2165.jpeg 92 120 122 83 21
image_2169.jpeg 119 123 36 1 29
image_217.jpeg 58 4 118 3 66
image_2172.jpg 124 122 129 123 113
image_2180.jpg 87 107 37 2 67
image_2182.jpg 125 121 124 113 112
image_2183.jpeg 4 118 124 127 58
image_2185.jpeg 37 107 87 119 2
image_2186.jpg 58 4 3 2 118
image_2187.jpeg 108 101 76 109 113
image_2189.jpg 127 115 114 116 45
image_2190.jpeg 127 115 114 116 122
image_2192.jpg 33 126 69 92 34
image_2195.jpeg 125 121 43 48 119
image_2196.jpg 69 62 42 18 118
image_2197.jpeg 3 2 58 118 109
image_220.jpeg 125 18 118 124 56
image_2200.jpg 116 127 114 115 45
image_2201.jpg 122 47 102 14 115
image_2202.jpeg 4 129 124 58 109
image_2203.jpg 37 107 0 2 119
image_2204.jpg 126 123 119 8 120
image_2207.jpeg 89 98 34 51 33
image_2208.jpeg 123 126 119 8 4
image_2209.jpg 112 122 127 47 110
image_221.jpeg 124 4 129 109 122
image_2212.jpeg 87 37 107 2 76
image_2216.jpg 51 104 121 94 92
image_2217.jpg 2 0 3 113 56
image_2219.jpeg 3 2 58 109 4
image_2223.jpeg 2 3 0 58 113
image_2225.jpeg 3 2 58 118 0
image_2227.jpeg 113 17 0 119 1
image_2229.jpg 36 123 119 16 122
image_223.jpeg 58 3 2 106 14
image_2230.jpeg 58 4 118 3 2
image_2234.jpg 4 58 129 123 124
image_2235.jpg 2 3 0 58 113
image_2236.jpg 123 119 1 126 120
image_2237.jpeg 117 106 45 116 115
image_224.jpeg 58 3 0 108 125
image_2240.jpeg 89 34 98 119 87
image_2243.jpg 3 58 2 118 18
image_2248.jpeg 127 115 114 116 122
image_2249.jpeg 123 119 126 1 124
image_225.jpg 3 2 0 118 76
image_2251.jpg 126 123 119 56 1
image_2252.jpeg 128 1 124 122 118
image_2254.jpeg 127 115 114 116 120
image_2257.jpeg 33 69 104 59 70
image_226.jpeg 37 87 107 76 2
image_2261.jpeg 129 124 4 119 113
image_2262.jpg 37 107 87 8 2
image_2263.jpeg 1 99 51 92 123
image_227.jpeg 121 125 2 119 58
image_2273.jpg 123 119 129 113 124
image_2274.jpg 92 49 45 21 93
image_2275.jpeg 110 41 2 43 108
image_2278.jpg 87 37 107 8 69
image_2279.jpg 128 121 119 124 1
image_2280.jpeg 104 33 69 1 51
image_2288.jpeg 36 16 29 83 120
image_2291.jpg 127 115 120 122 114
image_2293.jpeg 99 111 50 112 65
image_2294.jpg 123 119 113 0 17
image_2296.jpeg 0 2 113 17 58
image_23.jpg 106 115 102 122 116
image_230.jpeg 4 124 129 123 58
image_2300.jpg 51 1 104 128 123
image_2302.jpg 127 115 114 122 116
image_2305.jpg 36 47 120 122 14
image_2306.jpg 4 124 58 118 129
image_231.jpg 69 33 104 48 51
image_2310.jpeg 127 115 114 116 45
image_2313.jpeg 3 2 58 118 17
image_2314.jpeg 3 2 58 118 66
image_2316.jpg 87 37 107 82 93
image_2317.jpeg 8 121 87 126 104
image_2318.jpeg 99 111 50 113 128
image_2321.jpeg 29 36 102 120 21
image_2323.jpeg 92 29 120 21 49
image_2324.jpeg 127 115 114 116 45
image_2325.jpg 3 58 2 4 109
image_2326.jpg 126 123 33 120 83
image_2327.jpeg 4 58 2 113 124
image_2328.jpg 92 45 114 127 14
image_233.jpg 41 94 48 106 50
image_2330.jpg 128 43 119 123 111
image_2332.jpeg 87 37 107 59 75
image_2333.jpeg 58 4 3 2 29
image_2334.jpeg 125 24 112 121 118
image_2337.jpeg 118 58 4 3 66
image_2338.jpeg 129 124 108 42 103
image_2340.jpeg 58 4 2 3 118
image_2341.jpeg 92 122 123 2 126
image_2342.jpeg 128 1 124 2 123
image_2346.jpeg 121 125 128 119 51
image_2349.jpg 67 45 63 117 79
image_235.jpg 111 50 99 65 112
image_2350.jpeg 18 69 42 118 2
image_2352.jpeg 2 3 0 58 113
image_2355.jpeg 92 120 83 122 127
image_2356.jpeg 58 4 118 3 2
image_2359.jpeg 99 111 50 112 41
image_2362.jpeg 121 124 128 125 122
image_2364.jpeg 110 112 53 41 108
image_2365.jpg 51 89 104 119 98
image_237.jpeg 111 99 50 112 43
image_2370.jpg 119 121 125 0 123
image_2371.jpg 124 43 129 111 119
image_2372.jpg 108 101 76 109 42
image_2374.jpeg 121 128 104 51 119
image_2375.jpg 126 33 123 98 34
image_2376.jpeg 102 47 122 120 14
image_2381.jpeg 123 119 4 0 2
image_2382.jpeg 98 89 34 51 126
image_2385.jpg 113 17 0 2 4
image_2386.jpg 99 43 111 27 110
image_2388.jpg 123 119 124 4 129
image_2389.jpg 3 58 2 118 4
image_239.jpg 102 122 115 47 127
image_2390.jpg 113 17 109 108 2
image_2392.jpeg 104 51 121 119 1
image_2393.jpeg 122 47 124 102 129
image_2397.jpg 119 108 113 0 129
image_2398.jpeg 112 125 110 127 53
image_2400.jpg 124 4 129 122 123
image_2401.jpg 87 37 107 2 75
image_2402.jpeg 122 83 47 102 120
image_2406.jpeg 69 33 121 48 70
image_2407.jpeg 58 3 4 64 108
image_2409.jpeg 124 129 4 123 122
image_241.jpg 2 3 0 58 108
image_2410.jpeg 129 124 4 113 123
image_2411.jpg 120 123 129 47 122
image_2412.jpeg 14 39 47 122 93
image_2413.jpeg 104 59 51 1 121
image_2415.jpeg 128 1 124 119 123
image_242.jpg 69 118 33 42 37
image_2421.jpg 126 123 119 33 69
image_2422.jpeg 125 112 113 124 17
image_2423.jpg 127 115 114 116 45
image_2429.jpeg 127 115 114 116 122
image_243.jpeg 121 64 125 48 102
image_2431.jpg 112 125 127 116 110
image_2432.jpeg 106 79 14 117 101
image_2433.jpg 119 121 51 0 56
image_2435.jpg 114 4 122 115 58
image_2439.jpeg 89 34 98 67 45
image_244.jpeg 87 48 37 107 33
image_2441.jpg 37 107 87 2 3
image_2443.jpg 111 50 99 65 113
image_2444.jpg 119 128 123 0 124
image_2446.jpeg 113 17 109 2 4
image_2449.jpg 4 122 124 36 129
image_245.jpeg 58 4 118 3 2
image_2450.jpeg 129 4 109 123 113
image_2451.jpg 106 14 93 79 122
image_2454.jpg 116 115 127 114 45
image_2455.jpg 118 8 58 3 18
image_2458.jpeg 128 1 124 123 119
image_2459.jpg 123 119 126 0 124
image_2460.jpeg 121 2 64 51 125
image_2466.jpg 127 116 115 114 45
image_2467.jpeg 123 119 129 1 126
image_2469.jpeg 98 89 104 34 33
image_247.jpg 8 58 4 118 3
image_2470.jpeg 124 122 119 129 123
image_2472.jpeg 125 121 112 118 124
image_2473.jpg 99 111 50 27 112
image_2474.jpeg 113 108 17 109 101
image_2478.jpeg 89 98 34 51 126
image_2483.jpg 3 2 118 76 58
image_2485.jpg 2 3 0 113 58
image_2487.jpg 42 108 101 76 109
image_2488.jpg 49 45 93 73 92
image_2489.jpg 69 33 18 118 104
image_2490.jpg 99 111 50 110 41
image_2491.jpg 127 116 114 115 45
image_2492.jpeg 0 2 87 37 107
image_2494.jpeg 87 37 107 56 33
image_2497.jpg 121 125 22 124 129
image_2498.jpeg 37 107 87 2 69
image_2500.jpeg 127 115 114 116 45
image_2501.jpeg 120 122 47 83 102
image_2504.jpg 127 115 114 116 122
image_2505.jpg 58 4 3 113 109
image_2508.jpeg 102 122 47 120 115
image_2511.jpg 127 115 116 114 45
image_2512.jpeg 106 45 116 93 114
image_2513.jpg 118 4 58 18 124
image_2515.jpeg 4 109 3 58 76
image_2518.jpeg 58 4 3 118 2
image_2519.jpg 2 3 0 17 113
image_2520.jpeg 2 3 58 118 37
image_2525.jpeg 89 98 34 33 94
image_2526.jpeg 125 121 112 116 115
image_2527.jpg 33 69 51 126 89
image_2532.jpeg 124 119 125 108 129
image_2534.jpg 76 109 108 101 3
image_2535.jpg 127 115 114 122 102
image_2537.jpeg 2 3 0 58 113
image_2538.jpeg 58 4 66 118 124
image_2540.jpeg 128 1 123 119 124
image_2541.jpg 99 111 50 112 113
image_2547.jpg 109 76 108 101 3
image_2549.jpeg 113 17 0 109 2
image_2551.jpeg 120 83 122 47 102
image_2556.jpg 1 128 51 122 123
image_2557.jpg 113 17 2 108 0
image_2560.jpg 122 47 14 102 120
image_2561.jpeg 102 122 115 47 120
image_2562.jpg 113 17 56 0 119
image_2564.jpeg 108 109 76 101 129
image_2568.jpeg 122 47 102 14 39
image_2569.jpeg 102 115 122 127 47
image_2570.jpg 127 115 114 116 122
image_2571.jpeg 121 125 48 119 128
image_2572.jpg 109 108 76 113 4
image_2573.jpeg 123 119 36 120 122
image_2574.jpeg 118 58 4 3 124
image_2576.jpg 126 123 33 98 119
image_2577.jpeg 2 0 3 58 119
image_2578.jpeg 111 99 50 43 65
image_2579.jpg 102 122 47 115 124
image_258.jpeg 98 89 34 126 45
image_2582.jpg 128 1 82 121 119
image_2583.jpeg 129 124 4 108 103
image_2585.jpg 0 119 56 2 123
image_2587.jpg 4 124 113 129 58
image_2593.jpeg 4 58 124 129 109
image_2594.jpeg 121 125 111 119 50
image_2595.jpeg 47 102 122 14 39
image_2597.jpg 122 47 124 102 4
image_2598.jpeg 119 123 111 1 51
image_2599.jpg 45 49 106 116 93
image_2602.jpeg 33 56 87 2 41
image_2604.jpeg 33 69 126 70 35
image_2605.jpeg 3 2 58 118 109
image_2608.jpg 121 125 128 8 22
image_261.jpeg 119 123 126 113 0
image_2611.jpeg 41 89 98 87 126
image_2616.jpg 113 0 119 17 124
image_2619.jpeg 128 1 82 121 124
image_2621.jpeg 127 115 114 116 45
image_2623.jpg 123 119 113 17 126
image_2629.jpeg 33 126 69 70 35
image_263.jpeg 121 128 0 2 119
image_2631.jpg 118 18 58 3 4
image_2632.jpeg 129 124 113 108 109
image_2633.jpg 119 108 113 3 2
image_2637.jpg 76 109 101 108 42
image_2639.jpeg 91 123 126 36 119
image_264.jpg 108 101 76 109 3
image_2640.jpeg 108 101 76 3 2
image_2641.jpeg 113 17 0 2 108
image_2644.jpeg 87 107 37 2 89
image_2649.jpeg 3 2 58 118 108
image_2651.jpeg 87 37 4 107 58
image_2652.jpeg 58 4 0 2 3
image_2653.jpeg 116 115 127 45 114
image_2654.jpeg 125 121 112 48 124
image_2655.jpeg 124 47 122 129 18
image_2656.jpg 8 2 119 0 113
image_2658.jpeg 69 121 104 48 18
image_2661.jpeg 4 118 124 58 129
image_2664.jpeg 2 3 0 58 118
image_2665.jpeg 89 59 34 98 41
image_2669.jpg 2 3 0 58 76
image_267.jpg 120 83 16 127 102
image_2675.jpg 2 3 0 108 109
image_2677.jpeg 125 121 112 114 127
image_2678.jpeg 2 64 0 3 107
image_2681.jpg 69 33 121 48 70
image_2682.jpeg 125 121 119 118 112
image_2683.jpeg 37 107 87 2 128
image_2690.jpeg 2 3 0 58 108
image_2691.jpeg 3 2 0 108 113
image_2692.jpeg 89 98 34 51 67
image_2693.jpeg 18 118 14 42 125
image_2697.jpeg 126 33 123 69 119
image_2699.jpeg 3 58 2 4 108
image_270.jpeg 89 34 87 98 59
image_2703.jpg 47 122 14 39 124
image_2705.jpg 113 109 17 108 76
image_2708.jpg 116 114 127 45 115
image_2709.jpeg 113 17 56 108 2
image_2710.jpeg 99 111 50 43 41
image_2712.jpg 127 115 114 116 45
image_2713.jpeg 123 119 126 124 129
image_2714.jpeg 119 0 125 2 121
image_2717.jpg 109 76 101 108 17
image_2722.jpeg 91 123 126 98 120
image_2723.jpg 113 17 4 109 129
image_2724.jpeg 111 50 65 99 43
image_2725.jpeg 113 17 108 0 109
image_2726.jpeg 2 3 0 113 58
image_2727.jpeg 2 108 0 119 76
image_273.jpeg 91 122 123 120 115
image_2731.jpg 112 125 127 110 111
image_2733.jpeg 3 2 58 118 76
image_2735.jpg 118 8 18 75 58
image_2736.jpg 121 125 22 48 104
image_2738.jpg 58 4 3 118 2
image_2739.jpeg 125 58 2 3 108
image_2742.jpg 29 36 92 123 119
image_2747.jpeg 115 116 127 114 45
image_2748.jpeg 109 76 108 101 113
image_2749.jpg 129 4 124 123 109
image_2750.jpeg 89 34 98 51 67
image_2751.jpg 122 102 47 115 120
image_2752.jpeg 37 87 107 2 76
image_2753.jpg 45 116 127 114 115
image_2754.jpg 69 33 70 62 42
image_2755.jpg 122 124 47 129 119
image_2756.jpg 92 29 21 49 36
image_2758.jpeg 123 119 126 1 124
image_2759.jpeg 123 119 124 129 4
image_276.jpg 0 2 119 3 113
image_2761.jpeg 125 121 64 18 119
image_2762.jpg 126 123 33 127 83
image_2763.jpeg 0 2 118 3 125
image_2768.jpg 116 127 45 115 114
image_2769.jpg 91 122 127 115 47
image_277.jpeg 42 18 17 62 118
image_2771.jpeg 102 122 120 83 47
image_2775.jpeg 69 33 70 104 18
image_2776.jpeg 121 125 119 128 111
image_278.jpg 37 107 87 2 0
image_2780.jpeg 36 16 118 83 4
image_2781.jpg 65 50 111 99 95
image_2783.jpeg 125 121 24 48 22
image_2785.jpg 87 37 107 89 126
image_2789.jpg 127 115 114 116 45
image_2791.jpg 3 2 58 118 66
image_2793.jpg 33 104 69 87 51
image_2795.jpeg 89 98 34 126 2
image_2799.jpg 119 125 29 123 36
image_28.jpeg 113 17 119 111 0
image_280.jpeg 120 83 92 122 47
image_2800.jpeg 98 89 104 34 94
image_2803.jpg 122 102 47 115 127
image_2807.jpeg 92 45 127 114 49
image_2808.jpg 47 4 122 14 129
image_2810.jpeg 92 29 21 36 39
image_2812.jpeg 126 123 119 56 33
image_2814.jpeg 123 119 124 129 113
image_2815.jpeg 3 58 2 118 4
image_2816.jpg 122 47 14 102 106
image_2817.jpg 29 36 102 122 21
image_2819.jpg 113 17 2 3 124
image_282.jpeg 110 112 41 15 53
image_2820.jpeg 119 0 56 37 113
image_2823.jpeg 121 0 119 56 125
image_2825.jpg 123 119 128 1 126
image_2827.jpg 122 29 102 92 47
image_2829.jpg 8 118 58 75 4
image_2830.jpg 118 58 18 66 3
image_2837.jpeg 127 115 114 116 120
image_2838.jpeg 4 58 124 129 115
image_2839.jpg 4 124 58 129 123
image_284.jpeg 122 92 127 115 47
image_2840.jpg 113 17 1 0 2
image_2841.jpg 109 108 76 4 101
image_2842.jpg 123 119 126 128 120
image_2843.jpg 124 4 118 125 119
image_2844.jpeg 115 127 114 116 102
image_2847.jpeg 76 109 108 101 42
image_2848.jpeg 128 1 124 122 123
image_285.jpg 106 45 114 92 115
image_2850.jpg 108 42 8 125 124
image_2851.jpeg 92 49 127 114 93
image_2857.jpeg 36 120 83 92 123
image_2860.jpeg 118 58 4 3 0
image_2861.jpeg 128 127 122 114 21
image_2862.jpeg 29 102 122 120 36
image_2863.jpeg 45 116 127 49 114
image_2864.jpeg 120 122 102 83 47
image_2866.jpeg 2 3 0 58 113
image_2871.jpeg 116 114 127 45 115
image_2872.jpeg 58 4 118 3 2
image_2876.jpg 99 111 50 43 1
image_2877.jpeg 125 18 121 43 22
image_2878.jpg 111 50 99 113 65
image_2879.jpeg 59 104 89 34 82
image_288.jpg 99 111 113 1 17
image_2880.jpeg 110 112 15 42 43
image_2884.jpg 1 128 113 124 123
image_2887.jpeg 126 123 119 91 98
image_2889.jpeg 89 98 34 67 51
image_2890.jpeg 127 115 114 116 122
image_2892.jpeg 43 129 2 128 111
image_2895.jpg 125 121 124 112 118
image_2896.jpeg 119 50 126 123 108
image_29.jpeg 114 92 116 67 45
image_2906.jpeg 123 119 126 1 128
image_2907.jpeg 121 125 64 50 48
image_2908.jpeg 120 83 92 36 29
image_2909.jpg 124 123 119 129 113
image_2910.jpeg 58 4 8 124 2
image_2912.jpg 126 123 119 127 91
image_2916.jpeg 110 53 112 41 43
image_2917.jpg 29 36 21 92 49
image_2918.jpeg 106 115 114 116 127
image_2919.jpeg 113 119 0 108 17
image_2922.jpeg 50 111 65 41 62
image_2924.jpg 119 0 121 2 111
image_2926.jpeg 120 122 47 115 127
image_2927.jpg 129 109 113 108 4
image_2928.jpg 76 109 108 101 113
image_2932.jpg 92 2 113 21 17
image_2933.jpg 111 50 41 110 99
image_2937.jpg 123 119 124 128 126
image_294.jpeg 115 122 127 102 47
image_2942.jpg 113 17 119 123 0
image_2943.jpg 4 58 124 129 115
image_2946.jpg 109 76 108 101 4
image_2947.jpg 0 56 2 119 113
image_2949.jpeg 4 58 124 129 123
image_2951.jpeg 58 4 3 118 2
image_2953.jpg 110 112 15 41 99
image_2955.jpeg 120 122 83 47 102
image_2956.jpeg 2 3 0 113 58
image_2957.jpg 29 36 102 21 40
image_2958.jpeg 3 2 58 109 118
image_2959.jpeg 123 119 126 36 1
image_296.jpeg 127 115 114 122 116
image_2961.jpg 108 113 101 17 109
image_2962.jpg 129 124 103 123 17
image_2963.jpg 87 37 107 21 113
image_2966.jpg 0 113 17 119 56
image_2968.jpeg 76 109 101 118 108
image_2970.jpeg 129 36 83 120 122
image_2973.jpeg 124 113 17 4 122
image_2974.jpeg 120 83 36 122 16
image_2975.jpg 58 118 3 4 2
image_2976.jpg 87 37 107 2 75
image_2979.jpeg 0 119 2 56 3
image_2980.jpg 4 58 124 129 108
image_2981.jpg 3 58 2 118 109
image_2985.jpeg 37 107 87 2 69
image_2986.jpeg 113 17 119 108 0
image_2987.jpeg 125 121 118 124 112
image_2988.jpg 109 76 108 3 101
image_2991.jpeg 118 18 58 124 4
image_2996.jpeg 109 76 108 101 113
image_3.jpg 121 94 104 41 59
image_3000.jpeg 0 113 2 119 17
image_3001.jpg 110 125 42 22 112
image_3005.jpeg 58 4 3 2 8
image_3006.jpg 127 115 122 114 47
image_3007.jpeg 92 120 126 83 127
image_3008.jpg 8 2 0 104 121
image_3012.jpeg 128 121 1 124 118
image_3014.jpg 102 47 14 122 120
image_3016.jpeg 3 2 108 76 109
image_3017.jpg 92 49 127 45 14
image_3020.jpeg 108 101 109 76 113
image_3021.jpeg 125 121 118 18 112
image_3022.jpg 3 2 58 118 4
image_3029.jpg 104 59 118 1 51
image_3037.jpeg 121 119 125 0 128
image_3039.jpeg 58 4 124 115 129
image_3040.jpeg 106 45 93 14 79
image_3041.jpeg 123 119 1 124 113
image_3042.jpg 116 45 106 127 114
image_3044.jpg 123 119 128 124 126
image_3046.jpg 76 109 108 118 2
image_3047.jpeg 92 2 45 49 29
image_3048.jpeg 87 37 107 56 8
image_3051.jpeg 121 125 48 119 111
image_3053.jpeg 98 126 123 91 92
image_3054.jpg 106 45 116 79 93
image_3055.jpg 109 76 108 101 113
image_3056.jpg 69 121 104 18 8
image_3058.jpg 92 127 14 122 114
image_3062.jpg 109 76 101 108 4
image_3063.jpeg 120 83 122 123 102
image_3064.jpg 21 29 36 40 83
image_3065.jpg 58 4 3 124 129
image_3066.jpeg 122 47 102 115 127
image_3067.jpeg 99 111 50 43 41
image_3069.jpg 121 125 48 64 111
image_307.jpeg 113 119 17 123 0
image_3070.jpeg 112 122 124 47 129
image_3072.jpeg 121 87 37 8 75
image_3076.jpg 4 58 124 118 129
image_3079.jpeg 121 125 111 48 50
image_308.jpeg 120 83 122 127 102
image_3080.jpeg 125 121 112 124 110
image_3081.jpg 68 67 114 45 116
image_3082.jpg 127 115 116 114 57
image_3083.jpeg 121 125 128 111 48
image_3084.jpeg 45 116 127 114 115
image_3085.jpeg 89 34 98 74 119
image_3086.jpg 122 120 102 4 47
image_3087.jpeg 4 58 124 129 115
image_3088.jpeg 127 114 115 116 45
image_3089.jpg 21 29 36 40 92
image_3091.jpeg 89 34 98 50 33
image_3093.jpg 1 128 51 127 123
image_3095.jpeg 34 89 98 67 94
image_3096.jpg 37 87 107 56 2
image_3097.jpg 123 119 126 128 124
image_3100.jpg 108 109 101 76 129
image_3101.jpg 126 119 123 87 128
image_311.jpg 118 58 4 18 3
image_313.jpg 76 109 108 101 42
image_321.jpeg 120 83 119 16 36
image_324.jpg 2 3 58 0 118
image_327.jpeg 4 118 58 124 129
image_33.jpeg 58 4 108 129 124
image_332.jpeg 121 104 89 51 94
image_334.jpeg 92 39 122 120 21
image_337.jpg 45 114 127 115 116
image_339.jpg 4 118 58 127 66
image_340.jpg 124 4 129 122 123
image_35.jpg 37 87 107 2 8
image_350.jpeg 112 53 110 127 124
image_353.jpeg 51 1 104 36 29
image_357.jpeg 116 114 127 45 115
image_358.jpg 76 109 108 42 113
image_36.jpeg 18 118 14 42 47
image_360.jpeg 8 104 119 37 87
image_361.jpg 1 51 128 104 127
image_362.jpeg 125 121 112 118 18
image_364.jpeg 18 118 69 33 3
image_366.jpeg 126 119 123 56 34
image_368.jpeg 113 17 108 2 0
image_369.jpg 110 43 112 15 42
image_370.jpeg 116 114 127 45 115
image_371.jpeg 83 120 122 47 36
image_376.jpg 4 58 124 129 115
image_377.jpg 45 116 127 114 115
image_378.jpg 18 69 3 118 2
image_379.jpg 127 115 114 116 122
image_38.jpg 127 115 114 116 45
image_380.jpeg 56 2 0 119 50
image_381.jpg 58 64 2 0 3
image_382.jpeg 4 58 115 124 129
image_385.jpg 0 2 119 56 3
image_386.jpeg 4 124 129 118 109
image_39.jpeg 121 125 119 111 128
image_390.jpeg 99 111 50 27 112
image_391.jpeg 89 34 98 33 74
image_394.jpeg 106 116 45 93 115
image_395.jpg 126 123 4 119 8
image_396.jpeg 108 0 101 2 3
image_397.jpg 127 115 114 116 122
image_398.jpeg 122 47 115 102 106
image_399.jpg 128 1 124 123 122
image_4.jpeg 129 124 4 18 47
image_400.jpeg 3 2 58 118 0
image_401.jpeg 121 125 48 2 128
image_403.jpeg 126 123 33 119 92
image_405.jpeg 122 47 102 115 120
image_407.jpg 108 109 76 101 3
image_408.jpeg 121 89 119 123 125
image_41.jpeg 121 48 125 22 104
image_411.jpg 118 4 3 124 58
image_417.jpg 4 58 124 3 66
image_418.jpg 69 33 37 51 104
image_419.jpeg 87 128 107 37 2
image_420.jpg 122 124 47 129 120
image_421.jpeg 29 4 58 123 119
image_422.jpeg 106 79 58 117 93
image_423.jpg 122 47 120 124 16
image_424.jpeg 92 122 47 29 120
image_427.jpeg 58 4 3 118 0
image_428.jpg 41 92 67 21 19
image_43.jpeg 2 45 1 109 99
image_430.jpg 126 123 33 91 120
image_434.jpeg 58 4 118 3 29
image_436.jpeg 113 17 0 2 119
image_437.jpeg 108 101 109 76 113
image_44.jpeg 3 2 58 118 0
image_440.jpeg 126 98 119 91 104
image_442.jpg 116 127 115 114 45
image_446.jpeg 109 76 108 101 113
image_448.jpg 87 107 37 2 128
image_449.jpg 126 123 33 98 91
image_45.jpeg 45 116 106 49 93
image_454.jpg 92 115 127 49 45
image_457.jpeg 127 115 114 116 118
image_460.jpeg 2 3 0 58 113
image_462.jpeg 92 120 83 36 21
image_465.jpeg 93 49 29 115 45
image_467.jpeg 119 123 1 128 0
image_468.jpeg 106 115 122 92 114
image_469.jpeg 109 76 113 108 17
image_471.jpeg 127 115 114 116 122
image_48.jpeg 91 126 123 36 45
image_481.jpeg 108 101 76 109 42
image_482.jpeg 121 94 41 48 104
image_488.jpeg 127 114 115 122 112
image_489.jpg 112 127 122 110 120
image_491.jpeg 127 114 115 116 45
image_493.jpg 47 122 102 124 14
image_494.jpg 1 128 51 104 123
image_496.jpg 2 3 0 58 113
image_498.jpeg 115 102 122 127 47
image_499.jpg 122 115 114 102 112
image_50.jpg 120 83 122 102 112
image_500.jpeg 111 50 113 99 65
image_503.jpeg 58 4 3 118 2
image_504.jpeg 127 115 114 116 122
image_506.jpg 122 115 47 102 114
image_508.jpg 121 125 119 2 0
image_509.jpg 109 76 4 108 101
image_510.jpeg 33 126 69 34 92
image_512.jpeg 89 34 87 74 107
image_517.jpg 87 119 37 128 107
image_523.jpeg 75 8 121 2 104
image_524.jpg 122 47 102 124 29
image_526.jpg 127 115 114 116 45
image_528.jpg 108 101 76 109 42
image_529.jpeg 121 104 1 128 59
image_530.jpeg 0 2 119 113 56
image_533.jpeg 102 122 47 115 4
image_535.jpeg 127 115 92 114 122
image_536.jpg 94 98 41 48 45
image_538.jpeg 113 17 108 109 0
image_543.jpeg 58 4 3 2 118
image_545.jpeg 122 47 124 102 14
image_548.jpeg 120 83 92 122 14
image_549.jpg 0 119 113 2 17
image_550.jpg 123 108 119 2 126
image_552.jpg 58 4 3 118 2
image_553.jpg 49 45 73 93 92
image_557.jpeg 92 2 126 123 119
image_56.jpeg 3 2 58 76 109
image_560.jpeg 127 115 114 116 45
image_564.jpg 0 56 119 113 2
image_569.jpg 113 17 2 0 108
image_571.jpeg 76 109 108 101 4
image_572.jpg 45 116 114 127 115
image_573.jpg 0 2 118 58 3
image_574.jpeg 69 18 37 118 62
image_577.jpeg 127 115 114 116 122
image_578.jpg 115 127 114 102 122
image_58.jpeg 18 42 118 3 8
image_580.jpeg 112 125 53 110 24
image_581.jpg 49 127 92 114 83
image_583.jpeg 42 3 108 76 109
image_59.jpg 41 50 110 111 99
image_592.jpg 121 104 82 128 51
image_593.jpeg 119 123 1 113 0
image_594.jpg 87 37 107 2 0
image_598.jpeg 113 17 0 119 2
image_601.jpeg 120 83 36 123 122
image_602.jpeg 128 1 123 124 51
image_604.jpeg 126 123 119 33 120
image_605.jpg 127 115 114 122 120
image_607.jpeg 126 98 94 123 89
image_61.jpeg 2 3 0 58 37
image_612.jpeg 89 34 98 59 33
image_613.jpeg 89 98 34 119 126
image_614.jpg 2 3 0 58 76
image_62.jpeg 118 58 2 3 4
image_620.jpeg 125 108 113 129 124
image_621.jpeg 98 89 126 34 91
image_622.jpeg 125 121 24 48 112
image_626.jpeg 91 51 45 1 92
image_627.jpeg 127 115 114 116 45
image_629.jpg 87 37 107 2 0
image_630.jpg 121 104 119 2 51
image_631.jpg 42 18 76 3 108
image_633.jpeg 125 24 48 121 112
image_634.jpeg 128 119 123 121 1
image_635.jpeg 109 76 108 113 101
image_637.jpeg 109 76 108 101 42
image_639.jpg 1 128 123 51 126
image_64.jpg 87 37 107 2 119
image_645.jpeg 114 106 116 127 92
image_646.jpeg 118 58 18 3 4
image_65.jpg 119 123 124 128 122
image_652.jpeg 123 119 126 124 1
image_653.jpg 4 124 58 129 122
image_654.jpeg 18 37 3 118 42
image_655.jpeg 128 8 1 2 123
image_656.jpeg 107 56 37 87 69
image_659.jpeg 124 122 102 4 47
image_66.jpg 126 123 33 119 120
image_660.jpeg 119 123 124 129 113
image_661.jpg 2 0 3 119 8
image_662.jpg 119 0 113 17 125
image_667.jpg 127 115 114 122 102
image_668.jpg 115 127 114 116 122
image_669.jpg 45 116 93 106 114
image_672.jpg 126 123 119 120 127
image_673.jpeg 115 127 114 116 122
image_674.jpg 127 115 114 122 120
image_676.jpeg 119 0 121 123 128
image_678.jpg 124 129 122 125 111
image_680.jpeg 101 108 76 3 109
image_682.jpg 126 123 119 33 98
image_684.jpg 127 114 116 115 45
image_687.jpg 109 76 108 101 113
image_688.jpeg 110 112 53 108 42
image_692.jpg 1 128 51 123 124
image_694.jpg 128 1 123 124 2
image_696.jpeg 36 119 122 29 16
image_697.jpeg 8 121 104 87 33
image_699.jpeg 125 121 112 124 48
image_701.jpeg 58 4 3 109 118
image_702.jpeg 123 119 124 122 121
image_704.jpeg 3 108 109 101 76
image_706.jpg 122 47 115 127 102
image_708.jpeg 39 92 16 83 49
image_71.jpg 87 37 107 56 2
image_711.jpg 109 76 108 101 3
image_714.jpeg 98 89 91 126 104
image_716.jpg 124 129 4 76 108
image_718.jpg 69 33 118 18 104
image_720.jpeg 58 4 118 3 2
image_721.jpeg 127 115 114 116 122
image_723.jpeg 16 26 127 36 19
image_725.jpg 87 37 107 2 128
image_727.jpeg 92 122 120 14 47
image_728.jpg 122 47 102 14 115
image_729.jpeg 45 49 92 39 116
image_73.jpeg 19 93 122 39 47
image_730.jpg 123 119 16 126 19
image_733.jpeg 87 37 33 126 21
image_734.jpeg 125 121 112 24 118
image_735.jpeg 92 127 14 122 120
image_736.jpeg 106 45 114 127 115
image_737.jpeg 102 122 47 115 120
image_739.jpeg 104 59 51 82 33
image_740.jpg 37 87 107 119 113
image_742.jpeg 89 34 119 98 2
image_745.jpg 128 1 124 82 118
image_746.jpg 99 111 50 41 110
image_747.jpeg 92 122 114 29 45
image_748.jpeg 58 3 4 118 124
image_750.jpeg 2 3 0 58 76
image_753.jpeg 89 34 98 94 67
image_755.jpg 121 104 48 41 1
image_756.jpg 4 124 129 58 119
image_757.jpeg 4 124 58 119 129
image_76.jpg 92 14 122 47 93
image_760.jpeg 2 0 3 58 107
image_764.jpg 4 124 129 123 58
image_765.jpeg 127 115 114 116 122
image_766.jpeg 92 21 127 45 49
image_77.jpeg 125 121 124 113 118
image_770.jpeg 129 109 108 113 17
image_772.jpg 127 114 115 45 116
image_773.jpg 123 126 119 120 127
image_774.jpeg 129 124 4 123 113
image_777.jpg 29 36 21 102 16
image_778.jpg 121 125 48 50 111
image_779.jpg 116 115 127 45 114
image_781.jpeg 4 58 124 109 129
image_783.jpg 76 109 108 101 2
image_787.jpg 104 51 1 128 121
image_788.jpeg 111 99 50 65 43
image_793.jpeg 113 17 2 0 43
image_795.jpeg 123 128 119 1 124
image_797.jpg 126 123 33 120 83
image_8.jpeg 87 37 107 2 8
image_80.jpg 112 122 115 102 47
image_800.jpg 118 18 58 127 3
image_802.jpg 126 123 33 119 98
image_803.jpg 118 58 3 124 4
image_804.jpg 110 112 15 53 42
image_806.jpeg 1 128 51 123 124
image_812.jpg 125 124 119 129 123
image_814.jpeg 102 122 47 120 115
image_816.jpg 36 120 29 16 83
image_817.jpg 2 3 0 58 113
image_82.jpeg 79 18 42 14 67
image_822.jpeg 124 4 129 122 123
image_824.jpeg 115 127 114 102 122
image_827.jpeg 106 93 14 47 122
image_828.jpeg 37 107 75 8 118
image_829.jpg 99 111 50 110 43
image_830.jpg 45 127 49 116 115
image_831.jpg 127 115 116 114 45
image_835.jpeg 4 58 118 124 115
image_839.jpg 122 113 115 124 123
image_841.jpeg 113 17 1 119 0
image_844.jpg 110 53 112 15 41
image_846.jpg 113 17 0 119 2
image_848.jpeg 108 101 109 76 3
image_85.jpg 99 111 50 112 1
image_856.jpg 36 119 16 19 83
image_861.jpeg 4 58 124 129 118
image_866.jpg 2 3 0 58 8
image_867.jpg 1 123 128 124 122
image_87.jpeg 2 3 58 0 113
image_874.jpg 45 127 116 114 115
image_875.jpeg 3 2 66 58 118
image_881.jpeg 124 129 47 122 123
image_882.jpeg 67 68 93 36 16
image_887.jpeg 108 101 109 76 3
image_888.jpeg 2 3 0 37 58
image_889.jpeg 58 4 118 3 2
image_893.jpeg 37 107 2 108 87
image_894.jpg 4 124 129 127 118
image_897.jpeg 123 119 2 29 0
image_898.jpg 37 107 119 69 2
image_899.jpg 1 128 113 127 51
image_90.jpeg 122 47 102 115 14
image_900.jpg 0 119 113 108 4
image_902.jpg 127 115 114 116 112
image_906.jpg 126 123 119 33 69
image_908.jpg 118 18 0 2 3
image_909.jpeg 121 125 48 111 128
image_91.jpeg 92 45 114 127 116
image_914.jpeg 123 126 119 120 128
image_918.jpg 112 127 110 114 125
image_919.jpg 126 33 123 98 69
image_92.jpeg 102 122 115 47 127
image_923.jpeg 124 122 47 128 129
image_925.jpg 112 24 53 48 57
image_926.jpeg 45 127 116 114 115
image_928.jpeg 2 3 0 108 76
image_930.jpeg 1 128 51 29 124
image_932.jpeg 104 89 51 59 34
image_933.jpg 19 119 123 36 56
image_934.jpeg 126 123 119 33 120
image_937.jpg 0 119 113 2 56
image_941.jpg 120 83 122 92 115
image_942.jpg 121 125 48 111 1
image_943.jpeg 29 36 102 120 21
image_945.jpg 29 36 21 102 92
image_949.jpg 45 116 93 127 115
image_95.jpeg 126 104 123 121 51
image_950.jpg 128 1 124 119 123
image_952.jpg 123 119 126 120 19
image_954.jpeg 108 129 124 113 101
image_955.jpeg 4 58 118 127 124
image_956.jpg 2 3 0 108 58
image_957.jpg 76 109 108 3 101
image_958.jpeg 121 125 48 119 41
image_959.jpeg 3 2 118 58 18
image_96.jpg 102 122 47 115 127
image_960.jpg 118 58 18 4 127
image_962.jpeg 123 119 1 126 128
image_964.jpg 2 3 0 17 76
image_965.jpeg 118 18 58 3 127
image_966.jpeg 121 125 119 111 48
image_970.jpeg 45 2 127 29 1
image_972.jpeg 102 122 47 14 120
image_975.jpeg 113 17 0 119 2
image_981.jpeg 37 107 2 69 87
image_983.jpg 102 122 115 47 120
image_987.jpeg 124 129 119 113 123
image_989.jpeg 4 58 123 124 119
image_993.jpg 87 107 37 48 126
image_994.jpeg 69 33 121 119 104
image_997.jpg 127 115 114 116 45
image_999.jpeg 58 4 3 118 2
image_103.jpg 125 121 124 112 113
image_1031.jpeg 120 122 83 115 127
image_1032.jpg 58 3 4 2 108
image_1033.jpg 127 115 114 116 120
image_1034.jpeg 76 109 58 118 108
image_1035.jpeg 92 21 29 120 83
image_1041.jpeg 58 4 3 2 118
image_1046.jpeg 122 120 47 83 102
image_1047.jpg 37 87 113 0 107
image_1048.jpg 0 2 56 119 37
image_1051.jpg 4 58 129 124 29
image_1053.jpg 128 1 119 118 2
image_1056.jpg 3 2 76 109 108
image_1059.jpg 58 3 2 4 118
image_106.jpg 108 101 76 109 42
image_1062.jpg 111 50 2 108 121
image_1063.jpg 115 122 127 47 102
image_1064.jpeg 128 1 124 122 123
image_1066.jpg 110 112 41 53 99
image_1068.jpg 110 41 108 43 112
image_1070.jpeg 128 1 121 124 122
image_1072.jpeg 83 122 120 36 47
image_1073.jpeg 3 58 2 118 4
image_1076.jpeg 89 34 2 98 67
image_1079.jpeg 126 123 119 127 98
image_1080.jpeg 66 3 2 118 58
image_1082.jpeg 101 108 109 3 76
image_1084.jpeg 124 122 47 102 129
image_1087.jpeg 58 4 118 3 66
image_1088.jpeg 98 126 123 119 89
image_109.jpg 106 79 93 115 14
image_1091.jpeg 125 58 64 121 2
image_1092.jpg 110 112 15 14 42
image_1093.jpeg 128 1 124 122 118
image_1096.jpeg 121 48 125 104 69
image_1098.jpg 116 114 127 45 57
image_11.jpg 122 47 124 3 129
image_110.jpg 127 115 114 116 122
image_1102.jpeg 14 47 102 122 106
image_1105.jpeg 87 37 107 2 76
image_1108.jpg 1 128 123 51 124
image_111.jpg 104 8 92 1 114
image_1113.jpeg 115 127 114 116 122
image_1114.jpg 128 2 118 119 0
image_1115.jpeg 125 24 112 53 118
image_1117.jpg 118 0 58 4 3
image_1122.jpeg 99 111 50 41 43
image_1123.jpg 1 128 51 104 123
image_1124.jpeg 119 0 125 87 37
image_1127.jpeg 127 115 114 116 45
image_1128.jpeg 4 127 124 118 115
image_1129.jpeg 128 1 82 104 118
image_113.jpg 124 129 123 122 4
image_1132.jpeg 4 58 124 129 123
image_1135.jpg 122 47 102 16 36
image_1137.jpg 4 124 58 129 123
image_114.jpeg 113 17 108 109 58
image_1140.jpeg 108 129 124 113 109
image_1144.jpeg 126 119 51 1 104
image_1145.jpeg 125 112 121 24 48
image_1147.jpg 47 122 102 14 115
image_1152.jpg 123 119 126 29 120
image_1153.jpg 126 123 33 119 120
image_1154.jpg 125 121 119 48 22
image_1155.jpeg 110 112 41 53 99
image_1162.jpeg 127 114 115 45 116
image_1164.jpg 29 102 122 36 47
image_1166.jpeg 111 50 65 99 43
image_1168.jpeg 128 1 124 122 123
image_1170.jpeg 47 102 14 122 93
image_1171.jpeg 58 2 3 0 4
image_1175.jpeg 125 121 24 112 113
image_1176.jpg 125 121 124 112 24
image_1180.jpg 110 112 15 108 129
image_1182.jpeg 120 83 122 102 36
image_1185.jpeg 128 1 124 122 121
image_1186.jpeg 124 129 122 47 102
image_1187.jpeg 118 18 58 14 124
image_1188.jpg 58 4 3 2 118
image_1189.jpeg 121 125 64 48 111
image_119.jpg 127 115 114 116 122
image_1190.jpeg 2 0 3 113 128
image_1196.jpg 127 115 114 116 45
image_12.jpeg 113 17 0 108 2
image_1201.jpeg 124 129 4 47 122
image_1203.jpeg 128 119 1 123 124
image_1208.jpg 92 14 106 93 47
image_1209.jpeg 111 50 65 99 43
image_121.jpg 58 4 3 118 2
image_1215.jpeg 116 114 115 127 45
image_1219.jpeg 89 98 59 34 87
image_1223.jpg 37 87 109 108 107
image_1226.jpeg 121 125 119 48 128
image_1227.jpeg 110 53 112 99 15
image_1228.jpg 2 123 119 126 0
image_123.jpg 112 99 48 125 111
image_1231.jpeg 92 127 114 115 49
image_1232.jpeg 37 107 87 2 69
image_1235.jpeg 111 99 125 112 50
image_1236.jpeg 111 50 65 99 121
image_1239.jpg 127 115 114 122 116
image_1240.jpg 128 1 123 124 119
image_1242.jpeg 116 45 115 114 127
image_1244.jpg 0 118 2 58 3
image_1246.jpeg 111 50 99 65 121
image_125.jpg 128 1 2 124 123
image_1250.jpg 37 87 107 0 2
image_1252.jpeg 124 4 58 129 122
image_1255.jpeg 128 1 82 118 104
image_126.jpg 92 120 83 49 127
image_100.jpg 106 79 45 116 93
image_1303.jpeg 58 4 3 113 118
image_1317.jpeg 123 119 29 0 102
image_1322.jpg 58 4 118 115 3
image_1361.jpeg 128 1 124 122 43
image_1389.jpeg 2 3 0 58 113
image_139.jpg 115 127 114 116 102
image_1393.jpeg 4 58 124 129 66
image_1492.jpeg 4 58 123 115 119
image_150.jpg 58 4 118 3 124
image_1506.jpg 106 115 116 114 14
image_1507.jpeg 58 4 3 118 66
image_1512.jpeg 4 58 124 115 118
image_1572.jpg 104 51 121 1 128
image_1644.jpg 29 21 36 92 49
image_1695.jpg 4 58 124 115 129
image_1702.jpg 58 4 3 118 124
image_1756.jpg 122 102 47 115 127
image_1775.jpeg 102 47 124 58 122
image_1814.jpg 128 1 124 123 122
image_1884.jpeg 4 58 115 122 127
image_1889.jpeg 114 115 116 127 125
image_1916.jpg 29 36 21 83 102
image_1954.jpeg 2 0 3 58 37
image_2010.jpeg 121 125 111 50 64
image_2050.jpeg 58 4 3 118 2
image_2077.jpg 115 127 116 114 122
image_2082.jpeg 2 3 58 113 0
image_2085.jpeg 102 122 47 115 4
image_2093.jpeg 8 87 75 37 2
image_2114.jpeg 115 127 114 122 102
image_2147.jpg 120 122 4 102 47
image_2164.jpg 128 1 124 122 2
image_2175.jpeg 58 4 3 118 2
image_2239.jpg 115 127 114 116 122
image_2282.jpeg 102 122 47 115 4
image_2345.jpg 115 127 116 114 45
image_2348.jpeg 128 1 124 119 122
image_2357.jpeg 58 4 3 8 118
image_2425.jpg 29 36 21 102 92
image_2440.jpeg 123 119 124 4 122
image_2476.jpeg 58 4 3 118 2
image_2514.jpg 115 127 114 122 116
image_2516.jpg 124 122 47 4 102
image_2528.jpeg 124 4 122 47 129
image_2545.jpeg 1 128 36 29 123
image_255.jpeg 102 122 47 115 14
image_260.jpg 115 127 114 116 122
image_2600.jpeg 2 3 0 107 58
image_2624.jpg 122 47 102 115 120
image_2626.jpeg 1 128 123 113 17
image_2643.jpeg 123 119 128 124 129
image_275.jpeg 2 3 0 58 118
image_2757.jpeg 124 122 47 4 129
image_2770.jpg 29 21 36 40 92
image_2772.jpg 58 4 118 3 2
image_2773.jpeg 29 36 92 102 122
image_2798.jpeg 2 3 0 107 37
image_2806.jpg 123 119 128 124 122
image_2899.jpg 4 58 124 129 115
image_2914.jpeg 102 47 122 115 120
image_2921.jpeg 115 122 127 102 114
image_2929.jpg 122 47 102 120 29
image_2936.jpg 102 122 47 115 124
image_2948.jpeg 124 129 47 58 4
image_2998.jpeg 3 2 58 4 118
image_3002.jpg 4 124 123 129 122
image_3011.jpeg 45 116 127 115 114
image_3026.jpg 58 4 64 115 121
image_3036.jpg 106 79 117 14 109
image_3059.jpg 122 47 124 102 4
image_310.jpg 29 92 122 102 120
image_322.jpg 29 122 102 115 47
image_343.jpg 115 127 102 122 114
image_351.jpg 122 115 114 102 45
image_365.jpeg 29 36 21 16 120
image_373.jpeg 102 122 47 115 124
image_374.jpeg 102 122 47 115 4
image_412.jpeg 124 122 47 102 115
image_414.jpeg 4 58 29 115 2
image_42.jpeg 58 4 3 118 2
image_425.jpg 102 115 122 47 127
image_452.jpg 115 102 122 47 127
image_472.jpg 4 58 124 129 113
image_475.jpeg 89 98 34 119 2
image_487.jpeg 29 102 122 58 47
image_490.jpg 58 4 3 118 2
image_544.jpeg 99 111 50 89 98
image_563.jpeg 58 4 118 3 2
image_57.jpg 45 116 127 114 115
image_582.jpeg 29 36 102 122 115
image_603.jpeg 45 127 116 115 114
image_693.jpeg 58 4 3 118 2
image_762.jpeg 115 127 114 102 116
image_775.jpeg 4 58 124 115 118
image_801.jpg 102 29 115 122 47
image_864.jpg 29 36 58 21 102
image_865.jpg 58 4 2 0 3
image_879.jpeg 113 17 0 4 2
image_884.jpeg 124 122 102 4 129
image_912.jpg 108 109 113 4 76
image_913.jpg 115 58 114 116 127
image_915.jpg 4 58 124 115 127
image_917.jpeg 4 58 124 118 66
image_963.jpg 45 116 115 127 114
image_980.jpeg 115 106 114 127 116
image_996.jpg 102 122 115 47 127
image_1060.jpg 102 122 47 115 127
image_1067.jpg 115 127 114 122 102
image_1075.jpg 58 4 118 3 2
image_1078.jpeg 4 58 115 124 122
image_1090.jpeg 4 58 124 129 115
image_1157.jpg 102 122 47 4 115
image_1241.jpg 115 102 122 127 47
