image_1018.jpg 2 8 39 98 28
image_1021.jpg 80 96 53 79 61
image_1027.jpg 48 13 50 5 15
image_1265.jpg 60 24 64 41 54
image_1268.jpg 35 84 65 26 87
image_1273.jpg 75 54 81 64 74
image_1274.jpg 24 46 49 61 16
image_1276.jpg 48 10 13 36 11
image_1284.jpg 84 89 82 47 87
image_1299.jpg 72 100 42 94 34
image_130.jpg 16 49 39 10 57
image_1302.jpg 8 98 14 2 94
image_1305.jpg 56 81 7 54 19
image_1316.jpg 96 56 51 15 7
image_1319.jpg 11 88 82 91 3
image_1331.jpg 93 37 79 77 1
image_1338.jpg 70 43 44 96 80
image_1340.jpg 62 47 82 91 84
image_1344.jpg 87 84 89 47 26
image_1345.jpg 70 43 44 26 77
image_1346.jpg 95 86 92 16 81
image_1348.jpg 72 42 19 67 100
image_135.jpg 0 8 2 14 98
image_1357.jpg 61 10 50 94 25
image_1365.jpg 91 90 62 81 11
image_1369.jpg 95 86 92 99 87
image_1371.jpg 36 9 96 19 25
image_1375.jpg 91 90 62 82 47
image_1380.jpg 86 95 81 87 52
image_1388.jpg 42 49 72 8 67
image_1392.jpg 3 99 4 87 86
image_1402.jpg 56 85 48 57 13
image_1415.jpg 89 47 24 84 54
image_1419.jpg 8 94 14 29 0
image_1422.jpg 80 96 70 79 77
image_1423.jpg 76 13 10 82 3
image_1434.jpg 55 53 40 49 36
image_1436.jpg 55 25 53 40 49
image_1437.jpg 95 86 81 7 64
image_1438.jpg 75 54 81 32 64
image_1458.jpg 87 34 35 30 72
image_1466.jpg 44 71 7 50 84
image_1480.jpg 69 87 65 86 24
image_1488.jpg 87 84 26 89 71
image_1496.jpg 24 60 64 73 27
image_1497.jpg 7 81 44 86 64
image_1518.jpg 51 66 19 96 57
image_152.jpg 4 53 99 37 40
image_1543.jpg 37 79 93 77 3
image_1568.jpg 72 67 19 42 56
image_1582.jpg 40 68 78 38 43
image_1585.jpg 10 99 4 90 13
image_1588.jpg 81 75 64 54 30
image_1592.jpg 91 82 90 84 62
image_1594.jpg 67 9 56 28 42
image_1618.jpg 9 96 19 67 36
image_162.jpg 43 26 47 38 89
image_1620.jpg 22 98 21 8 29
image_1657.jpg 27 98 73 17 8
image_1665.jpg 69 65 87 35 26
image_1666.jpg 2 0 59 8 14
image_1688.jpg 86 95 50 87 69
image_169.jpg 2 85 12 0 36
image_1698.jpg 23 27 73 8 98
image_1701.jpg 34 28 25 42 53
image_1703.jpg 10 13 50 49 66
image_1704.jpg 20 43 85 18 77
image_1706.jpg 90 91 70 59 62
image_1719.jpg 94 83 29 21 14
image_1722.jpg 32 52 74 92 86
image_1727.jpg 15 25 99 16 38
image_1733.jpg 58 45 8 29 94
image_1749.jpg 3 76 82 13 99
image_1752.jpg 92 52 85 32 74
image_1766.jpg 94 73 14 27 8
image_1768.jpg 65 71 50 35 54
image_1769.jpg 15 50 99 61 26
image_1780.jpg 57 99 4 39 67
image_1783.jpg 75 54 3 4 99
image_1787.jpg 51 67 11 66 56
image_1788.jpg 15 50 61 26 99
image_1802.jpg 39 87 37 77 50
image_181.jpg 98 8 14 0 27
image_1811.jpg 78 42 8 40 0
image_1822.jpg 75 88 5 15 13
image_1826.jpg 6 100 42 31 47
image_1837.jpg 80 53 79 74 78
image_1838.jpg 100 72 42 67 34
image_1840.jpg 48 11 13 5 88
image_1845.jpg 86 95 50 99 81
image_1855.jpg 72 42 100 8 67
image_1873.jpg 95 92 86 61 36
image_1875.jpg 83 17 21 14 94
image_1888.jpg 44 84 16 14 90
image_189.jpg 34 100 56 78 28
image_1890.jpg 55 61 80 36 9
image_1918.jpg 35 65 37 87 82
image_192.jpg 60 24 64 54 57
image_1922.jpg 26 43 39 87 35
image_1926.jpg 66 51 15 99 10
image_1929.jpg 38 43 61 20 68
image_193.jpg 85 52 92 32 19
image_1941.jpg 97 31 29 100 58
image_1944.jpg 64 54 81 60 24
image_1947.jpg 86 99 95 88 50
image_1950.jpg 14 8 98 73 0
image_1955.jpg 79 77 93 37 1
image_1958.jpg 73 98 39 94 8
image_1960.jpg 31 6 12 2 23
image_1969.jpg 86 95 99 15 69
image_1970.jpg 63 22 94 73 39
image_1976.jpg 95 86 92 52 50
image_1979.jpg 4 99 39 3 37
image_198.jpg 22 21 98 8 45
image_1989.jpg 25 49 80 28 10
image_1995.jpg 38 85 43 92 40
image_2000.jpg 30 62 87 16 57
image_2002.jpg 24 8 41 60 45
image_2014.jpg 6 31 12 23 68
image_2021.jpg 90 91 76 47 59
image_2036.jpg 86 15 95 30 92
image_2055.jpg 70 44 7 75 54
image_2057.jpg 39 87 26 77 50
image_2067.jpg 41 27 62 59 8
image_2068.jpg 83 14 98 94 21
image_2070.jpg 88 5 7 13 11
image_2075.jpg 90 91 59 82 76
image_2079.jpg 18 89 71 44 50
image_2092.jpg 74 1 92 95 86
image_2102.jpg 16 39 17 57 73
image_2107.jpg 77 39 37 93 74
image_2108.jpg 52 32 97 95 85
image_2118.jpg 46 49 42 10 39
image_2124.jpg 56 74 96 19 18
image_2128.jpg 7 88 81 44 70
image_2129.jpg 51 56 18 89 67
image_2130.jpg 0 8 2 59 14
image_2132.jpg 6 31 23 42 12
image_2143.jpg 96 9 56 19 15
image_2145.jpg 71 89 84 18 26
image_2149.jpg 30 91 62 32 57
image_2158.jpg 4 99 39 37 53
image_2171.jpg 100 72 42 8 0
image_2173.jpg 85 18 20 49 52
image_2174.jpg 33 51 92 40 32
image_2181.jpg 87 13 86 30 99
image_2188.jpg 53 25 80 49 39
image_219.jpg 48 96 10 13 36
image_2193.jpg 86 95 99 15 30
image_2199.jpg 42 72 67 100 49
image_2205.jpg 61 60 50 26 10
image_2206.jpg 56 96 19 34 9
image_2215.jpg 100 72 42 94 45
image_2218.jpg 74 1 39 92 93
image_222.jpg 7 70 75 80 44
image_2222.jpg 59 82 90 47 56
image_2231.jpg 49 25 19 28 53
image_2242.jpg 87 89 37 77 50
image_2244.jpg 45 58 78 100 7
image_2245.jpg 25 49 40 53 95
image_2247.jpg 78 40 80 66 25
image_2250.jpg 50 20 77 87 38
image_2253.jpg 18 57 85 60 19
image_2255.jpg 81 54 64 75 91
image_2264.jpg 40 78 55 68 38
image_2270.jpg 88 5 48 75 99
image_2271.jpg 25 49 80 19 39
image_2272.jpg 37 77 93 39 79
image_228.jpg 76 10 66 59 71
image_2286.jpg 62 84 82 47 89
image_2289.jpg 43 89 44 26 87
image_229.jpg 16 66 4 24 99
image_2292.jpg 54 64 75 60 41
image_2298.jpg 71 84 99 47 90
image_2307.jpg 83 17 94 21 14
image_2319.jpg 46 6 40 85 24
image_232.jpg 10 99 4 3 66
image_2329.jpg 16 39 73 99 17
image_2336.jpg 13 10 50 48 87
image_2343.jpg 13 10 48 3 82
image_2344.jpg 24 60 64 54 73
image_2347.jpg 9 92 85 96 19
image_2351.jpg 68 23 43 40 31
image_2358.jpg 1 77 93 79 50
image_2360.jpg 15 96 87 48 43
image_2373.jpg 62 24 78 30 84
image_2383.jpg 12 6 42 31 23
image_2384.jpg 9 92 96 36 85
image_2394.jpg 29 14 31 22 21
image_2396.jpg 10 3 99 66 46
image_2399.jpg 84 44 62 89 56
image_24.jpg 88 7 75 70 97
image_2414.jpg 9 67 72 19 31
image_2417.jpg 100 8 0 97 58
image_2420.jpg 45 58 29 100 31
image_2424.jpg 43 26 69 89 38
image_2428.jpg 60 64 57 24 54
image_2457.jpg 71 18 89 44 47
image_2461.jpg 21 14 29 83 22
image_2462.jpg 13 48 10 82 47
image_2475.jpg 2 82 0 52 8
image_2479.jpg 87 35 39 37 99
image_2480.jpg 61 38 25 28 80
image_2481.jpg 63 29 94 31 58
image_2482.jpg 71 65 84 89 35
image_250.jpg 78 66 40 43 100
image_2502.jpg 69 65 43 87 26
image_2507.jpg 6 31 12 23 42
image_2509.jpg 48 13 10 5 66
image_2510.jpg 82 59 62 47 66
image_2521.jpg 95 70 43 86 61
image_2529.jpg 72 19 42 100 67
image_253.jpg 85 52 19 92 9
image_2531.jpg 2 0 6 85 17
image_2533.jpg 65 71 24 35 69
image_2542.jpg 85 32 52 92 6
image_2546.jpg 13 10 50 87 97
image_2553.jpg 14 0 2 8 17
image_2555.jpg 27 41 98 8 59
image_2558.jpg 12 6 46 10 92
image_2566.jpg 77 37 79 93 39
image_2575.jpg 61 66 78 10 26
image_2584.jpg 11 48 47 5 13
image_2586.jpg 19 96 66 9 36
image_2592.jpg 4 99 3 97 39
image_2596.jpg 30 34 57 29 51
image_26.jpg 61 99 80 26 38
image_2603.jpg 15 43 86 50 89
image_2607.jpg 60 54 64 18 57
image_2610.jpg 51 96 48 11 56
image_2613.jpg 54 15 24 64 75
image_2618.jpg 25 49 19 38 50
image_2625.jpg 44 84 71 26 89
image_2638.jpg 44 70 18 84 97
image_2646.jpg 16 94 17 83 14
image_2647.jpg 46 49 52 19 10
image_2648.jpg 5 3 13 99 88
image_2659.jpg 42 8 72 100 67
image_266.jpg 14 98 8 21 83
image_2663.jpg 0 2 100 29 17
image_2667.jpg 40 78 53 38 68
image_2668.jpg 89 15 96 99 43
image_2670.jpg 55 96 10 36 61
image_2673.jpg 43 68 20 23 40
image_2676.jpg 83 94 14 17 21
image_2685.jpg 17 95 16 8 98
image_2688.jpg 72 17 0 100 76
image_2689.jpg 77 79 93 37 1
image_269.jpg 72 42 100 34 67
image_2695.jpg 100 94 42 0 8
image_2698.jpg 100 0 94 8 58
image_27.jpg 60 64 27 73 41
image_2704.jpg 82 66 47 62 32
image_272.jpg 14 98 17 21 2
image_2721.jpg 44 84 71 70 26
image_2732.jpg 75 54 81 74 64
image_2734.jpg 66 78 18 82 19
image_2737.jpg 5 88 48 13 3
image_274.jpg 49 25 80 61 46
image_2741.jpg 74 64 29 73 21
image_2745.jpg 67 28 34 89 46
image_2767.jpg 42 34 39 28 77
image_2779.jpg 95 86 52 69 92
image_2784.jpg 28 34 42 26 49
image_279.jpg 7 70 44 81 54
image_2792.jpg 15 87 89 99 56
image_2794.jpg 48 13 11 5 88
image_2804.jpg 7 81 44 56 75
image_2809.jpg 82 67 89 66 56
image_2826.jpg 33 92 51 40 88
image_2831.jpg 53 55 36 80 25
image_2834.jpg 33 51 57 32 92
image_2836.jpg 17 72 27 83 73
image_2852.jpg 71 65 87 50 15
image_2855.jpg 2 36 85 12 92
image_2856.jpg 83 17 94 14 21
image_2867.jpg 20 1 43 78 66
image_2868.jpg 53 80 49 36 68
image_2870.jpg 76 35 66 67 46
image_2873.jpg 57 9 36 67 82
image_2886.jpg 9 19 96 85 36
image_2888.jpg 86 95 99 3 4
image_290.jpg 10 50 66 77 5
image_2901.jpg 53 37 80 93 36
image_2902.jpg 43 66 15 78 82
image_2904.jpg 46 49 42 10 28
image_2905.jpg 76 59 66 19 67
image_2915.jpg 99 4 39 10 56
image_2925.jpg 39 77 37 26 87
image_2931.jpg 6 31 92 43 68
image_2934.jpg 53 36 80 25 61
image_2938.jpg 78 40 66 62 49
image_2941.jpg 91 90 59 82 84
image_2945.jpg 54 64 75 81 32
image_2950.jpg 44 71 7 70 18
image_2965.jpg 26 36 97 37 14
image_2971.jpg 35 82 13 97 32
image_2977.jpg 54 64 24 41 75
image_298.jpg 2 0 8 100 76
image_2984.jpg 46 10 41 35 24
image_2990.jpg 48 13 5 15 10
image_2995.jpg 57 19 85 36 82
image_30.jpg 18 82 60 47 85
image_3004.jpg 50 38 11 87 26
image_3009.jpg 22 21 17 98 73
image_3010.jpg 11 13 5 48 30
image_3013.jpg 9 19 36 85 96
image_3018.jpg 74 79 39 3 80
image_3019.jpg 99 3 4 5 10
image_3023.jpg 96 56 19 15 66
image_3024.jpg 98 22 27 21 73
image_3027.jpg 26 87 59 41 50
image_3030.jpg 40 78 38 68 53
image_3033.jpg 73 27 8 34 58
image_304.jpg 40 43 78 38 25
image_3043.jpg 39 99 4 16 49
image_3045.jpg 27 73 8 98 17
image_3057.jpg 72 42 100 34 73
image_3074.jpg 27 73 64 35 60
image_3078.jpg 47 57 84 89 10
image_309.jpg 30 34 13 87 28
image_3090.jpg 87 86 99 95 39
image_312.jpg 8 17 98 21 0
image_314.jpg 95 86 50 87 52
image_317.jpg 71 65 47 35 89
image_326.jpg 68 43 40 23 31
image_333.jpg 97 32 52 8 87
image_344.jpg 95 92 52 86 61
image_348.jpg 27 41 98 73 8
image_354.jpg 28 34 42 67 10
image_356.jpg 1 79 93 77 20
image_359.jpg 41 59 35 62 87
image_367.jpg 0 8 100 2 17
image_388.jpg 95 86 92 52 69
image_389.jpg 75 54 81 64 70
image_404.jpg 4 3 99 37 59
image_406.jpg 85 52 92 23 6
image_416.jpg 2 0 14 8 85
image_433.jpg 23 60 42 22 54
image_435.jpg 28 34 67 13 49
image_443.jpg 53 40 68 25 80
image_451.jpg 90 91 59 82 10
image_453.jpg 41 27 87 62 35
image_456.jpg 65 71 24 40 38
image_459.jpg 86 95 50 88 99
image_463.jpg 42 46 49 23 12
image_464.jpg 37 93 79 77 53
image_466.jpg 20 43 1 18 93
image_47.jpg 88 5 7 33 13
image_470.jpg 41 62 24 27 59
image_478.jpg 21 22 14 29 98
image_480.jpg 62 78 24 32 45
image_484.jpg 81 64 54 75 86
image_485.jpg 84 89 82 67 62
image_486.jpg 29 83 14 21 98
image_495.jpg 84 44 47 62 91
image_5.jpg 11 48 88 5 13
image_505.jpg 80 53 78 61 77
image_507.jpg 20 18 67 70 89
image_51.jpg 39 99 50 77 5
image_511.jpg 73 94 47 87 45
image_520.jpg 36 96 9 19 57
image_521.jpg 2 0 14 59 9
image_53.jpg 6 42 12 8 100
image_539.jpg 6 12 31 23 42
image_54.jpg 41 47 84 62 82
image_542.jpg 83 17 94 21 98
image_551.jpg 49 24 28 60 42
image_555.jpg 43 68 89 66 71
image_556.jpg 97 26 87 39 92
image_566.jpg 19 96 66 25 49
image_567.jpg 64 75 54 81 32
image_576.jpg 50 26 82 87 89
image_587.jpg 79 37 77 93 28
image_589.jpg 77 93 50 1 79
image_591.jpg 91 90 62 82 81
image_595.jpg 78 40 100 66 80
image_597.jpg 78 40 66 43 49
image_67.jpg 23 40 98 21 92
image_608.jpg 90 91 59 77 82
image_609.jpg 37 79 93 77 1
image_624.jpg 68 43 40 6 23
image_640.jpg 44 84 62 71 54
image_643.jpg 41 24 89 35 62
image_644.jpg 6 31 42 23 12
image_648.jpg 70 90 91 44 43
image_651.jpg 92 6 32 86 10
image_657.jpg 92 85 52 95 23
image_663.jpg 4 99 98 49 16
image_665.jpg 38 43 25 61 50
image_671.jpg 64 54 18 81 89
image_679.jpg 52 97 50 95 32
image_681.jpg 68 43 31 23 53
image_683.jpg 11 77 91 50 74
image_685.jpg 13 48 10 30 3
image_686.jpg 88 5 33 11 13
image_690.jpg 15 89 71 30 87
image_691.jpg 41 52 87 24 35
image_695.jpg 98 8 22 58 100
image_7.jpg 19 9 36 96 66
image_70.jpg 35 3 39 8 99
image_710.jpg 82 62 59 47 66
image_738.jpg 39 99 4 3 5
image_741.jpg 24 41 60 27 8
image_75.jpg 19 57 9 85 36
image_752.jpg 62 30 89 47 60
image_754.jpg 78 40 54 62 41
image_759.jpg 26 87 99 97 4
image_763.jpg 77 93 37 39 74
image_768.jpg 33 51 57 48 40
image_769.jpg 53 80 96 25 40
image_771.jpg 9 19 67 85 59
image_780.jpg 17 27 94 73 98
image_789.jpg 28 49 24 42 89
image_79.jpg 46 49 42 16 19
image_790.jpg 47 89 82 60 59
image_792.jpg 38 61 43 40 85
image_807.jpg 91 90 84 62 82
image_808.jpg 66 19 96 57 85
image_809.jpg 44 84 71 51 62
image_818.jpg 24 60 41 64 73
image_823.jpg 36 57 96 9 19
image_826.jpg 59 46 28 62 49
image_833.jpg 15 30 99 13 92
image_836.jpg 77 93 37 50 1
image_84.jpg 29 31 21 22 14
image_840.jpg 48 19 36 96 57
image_849.jpg 29 31 21 58 45
image_850.jpg 6 31 12 85 32
image_851.jpg 69 65 24 87 26
image_852.jpg 56 67 34 9 82
image_858.jpg 1 79 77 80 93
image_859.jpg 44 70 7 18 32
image_873.jpg 86 95 92 99 52
image_877.jpg 77 37 39 84 87
image_878.jpg 63 29 31 83 14
image_885.jpg 77 1 50 93 20
image_89.jpg 59 82 90 47 76
image_895.jpg 70 44 7 54 43
image_904.jpg 53 41 62 28 59
image_907.jpg 92 85 52 2 32
image_911.jpg 35 54 24 84 64
image_924.jpg 30 86 87 28 34
image_935.jpg 40 78 68 43 38
image_939.jpg 61 9 50 55 59
image_94.jpg 86 5 50 99 87
image_947.jpg 4 99 39 3 16
image_953.jpg 21 22 8 73 58
image_961.jpg 12 92 31 2 23
image_968.jpg 98 8 17 73 27
image_974.jpg 52 95 32 92 97
image_978.jpg 48 11 44 88 84
image_979.jpg 41 59 35 62 87
image_984.jpg 72 100 29 94 63
image_986.jpg 86 52 19 84 74
image_988.jpg 0 8 2 78 100
image_992.jpg 93 77 79 39 50
image_998.jpg 1 77 50 74 79
image_1030.jpg 2 85 32 52 57
image_1036.jpg 14 98 0 8 2
image_1038.jpg 95 86 61 92 43
image_1042.jpg 99 4 10 3 39
image_1044.jpg 23 68 40 43 6
image_1050.jpg 56 96 19 9 67
image_1054.jpg 22 98 21 58 8
image_1055.jpg 80 79 78 77 28
image_1057.jpg 3 4 13 10 99
image_1071.jpg 62 78 41 59 82
image_108.jpg 94 100 8 0 42
image_1085.jpg 26 87 39 35 97
image_1099.jpg 9 96 95 61 13
image_1100.jpg 90 91 59 76 70
image_1106.jpg 79 37 93 1 77
image_1107.jpg 65 71 24 87 54
image_1109.jpg 99 77 39 86 93
image_1112.jpg 42 8 49 28 39
image_112.jpg 96 36 80 19 5
image_1120.jpg 32 54 52 64 82
image_1121.jpg 39 4 99 55 22
image_1130.jpg 92 6 35 39 46
image_1139.jpg 89 28 56 67 34
image_1148.jpg 70 96 90 44 26
image_1150.jpg 9 36 96 19 76
image_1151.jpg 63 29 31 58 22
image_116.jpg 23 27 42 39 52
image_1167.jpg 45 58 64 54 15
image_117.jpg 19 96 9 56 36
image_1172.jpg 73 14 27 8 30
image_1181.jpg 100 8 94 23 42
image_1204.jpg 95 92 86 61 69
image_1206.jpg 13 48 5 88 10
image_1212.jpg 51 96 15 56 57
image_1217.jpg 64 81 52 54 95
image_1220.jpg 8 100 0 14 42
image_1224.jpg 22 98 73 21 23
image_1234.jpg 26 87 37 77 36
image_124.jpg 26 38 36 87 28
image_1243.jpg 49 60 28 25 24
image_1258.jpg 79 80 74 77 93
image_1259.jpg 7 81 97 44 54
